Solution:
1 1 
1.25948 1.25948 
2.39203 2.39203 
3.55453 3.55453 
5.47113 5.47113 
8.63102 8.63102 
13.8407 13.8407 
22.43 22.43 
36.5911 36.5911 
59.9386 59.9386 
98.4314 98.4314 
161.895 161.895 
266.526 266.526 
439.033 439.033 
723.444 723.444 
1192.35 1192.35 
1965.44 1965.44 
3240.03 3240.03 
5341.45 5341.45 
8806.06 8806.06 
14518.2 14518.2 
23935.7 23935.7 
39462.4 39462.4 
65061.2 65061.2 
107266 107266 
176849 176849 
291570 291570 
480711 480711 
1.30626e+06 1.30626e+06 
Time instants:
0 0.1 0.3 0.4 0.5 0.6 0.7 0.8 0.9 1 1.1 1.2 1.3 1.4 1.5 1.6 1.7 1.8 1.9 2 2.1 2.2 2.3 2.4 2.5 2.6 2.7 2.8 3 
