Solution:
1 1 
1.11331 1.11331 
1.25871 1.25871 
1.44529 1.44529 
1.68474 1.68474 
1.992 1.992 
2.38631 2.38631 
2.89231 2.89231 
3.54163 3.54163 
4.37489 4.37489 
5.44418 5.44418 
6.81637 6.81637 
8.57724 8.57724 
10.8369 10.8369 
13.7367 13.7367 
17.4578 17.4578 
22.233 22.233 
28.3609 28.3609 
36.2245 36.2245 
46.3157 46.3157 
59.2653 59.2653 
75.8831 75.8831 
97.2081 97.2081 
124.574 124.574 
159.691 159.691 
204.756 204.756 
262.586 262.586 
336.797 336.797 
432.029 432.029 
554.238 554.238 
711.064 711.064 
912.313 912.313 
1170.57 1170.57 
1501.98 1501.98 
1927.26 1927.26 
2473.02 2473.02 
3173.37 3173.37 
4072.1 4072.1 
5225.41 5225.41 
6705.41 6705.41 
8604.64 8604.64 
11041.9 11041.9 
14169.5 14169.5 
18183 18183 
23333.4 23333.4 
29942.7 29942.7 
38424.3 38424.3 
49308.3 49308.3 
63275.4 63275.4 
81198.9 81198.9 
104200 104200 
133715 133715 
171592 171592 
220198 220198 
282572 282572 
362614 362614 
465329 465329 
597140 597140 
766288 766288 
983350 983350 
1.2619e+06 1.2619e+06 
Time instants:
0 0.05 0.1 0.15 0.2 0.25 0.3 0.35 0.4 0.45 0.5 0.55 0.6 0.65 0.7 0.75 0.8 0.85 0.9 0.95 1 1.05 1.1 1.15 1.2 1.25 1.3 1.35 1.4 1.45 1.5 1.55 1.6 1.65 1.7 1.75 1.8 1.85 1.9 1.95 2 2.05 2.1 2.15 2.2 2.25 2.3 2.35 2.4 2.45 2.5 2.55 2.6 2.65 2.7 2.75 2.8 2.85 2.9 2.95 3 
